3
12.000000
8.000000 8.000000
5
37.000000
4.000000 1.000000
2
2.000000
7.000000 7.000000
8.000000 8.000000 0
4.000000 1.000000 1
7.000000 7.000000 2
6.000000 10.000000 0
6.000000 6.000000 2
7.000000 0.000000 1
5.000000 4.000000 1
8.000000 10.000000 0
0.000000 1.000000 1
3.000000 1.000000 1
3
5.333333
7.333333 9.333333
5
36.000000
3.800000 1.400000
2
1.000000
6.500000 6.500000
8.000000 8.000000 0
4.000000 1.000000 1
7.000000 7.000000 2
6.000000 10.000000 0
6.000000 6.000000 2
7.000000 0.000000 1
5.000000 4.000000 1
8.000000 10.000000 0
0.000000 1.000000 1
3.000000 1.000000 1
3
5.333333
7.333333 9.333333
5
36.000000
3.800000 1.400000
2
1.000000
6.500000 6.500000
8.000000 8.000000 0
4.000000 1.000000 1
7.000000 7.000000 2
6.000000 10.000000 0
6.000000 6.000000 2
7.000000 0.000000 1
5.000000 4.000000 1
8.000000 10.000000 0
0.000000 1.000000 1
3.000000 1.000000 1

Final Result:
8.000000 8.000000 0
4.000000 1.000000 1
7.000000 7.000000 2
6.000000 10.000000 0
6.000000 6.000000 2
7.000000 0.000000 1
5.000000 4.000000 1
8.000000 10.000000 0
0.000000 1.000000 1
3.000000 1.000000 1
