1 2.200000 54.000000 
4 4.450000 83.000000 
2 3.567000 73.000000 
2 4.500000 73.000000 
4 4.150000 88.000000 
0 3.817000 80.000000 
2 3.917000 71.000000 
4 4.450000 83.000000 
1 2.000000 56.000000 
0 4.283000 79.000000 
0 4.767000 78.000000 
4 4.533000 84.000000 
3 1.850000 58.000000 
4 4.250000 83.000000 
1 1.983000 43.000000 
3 2.250000 60.000000 
2 4.750000 75.000000 
0 4.117000 81.000000 
1 2.150000 46.000000 
4 4.417000 90.000000 
1 1.817000 46.000000 
2 4.467000 74.000000 
